1.380589962005615234e+00,2.660104036331176758e+00
1.367831707000732422e+00,2.653933334350585938e+01
1.359861969947814941e+00,1.412025737762451172e+01
1.343616127967834473e+00,2.656276245117187500e+02
1.298146247863769531e+00,2.469999389648437500e+02
1.217774868011474609e+00,4.537147521972656250e+02
1.079305291175842285e+00,3.637175903320312500e+02
9.088616371154785156e-01,8.834149169921875000e+02
7.465319037437438965e-01,5.897651290893554688e+01
6.299009919166564941e-01,8.039677429199218750e+01
5.495191216468811035e-01,2.007887573242187500e+02
4.851202368736267090e-01,9.011724090576171875e+01
4.434780478477478027e-01,2.092225265502929688e+01
4.182379543781280518e-01,1.458846130371093750e+02
3.996020853519439697e-01,4.181721496582031250e+01
3.674392700195312500e-01,6.723638916015625000e+01
3.520625829696655273e-01,1.919749832153320312e+01
3.314237296581268311e-01,1.714579010009765625e+01
3.200750052928924561e-01,2.407313346862792969e+01
3.148900866508483887e-01,1.103896427154541016e+01
3.072833120822906494e-01,1.168768501281738281e+01
2.997503876686096191e-01,2.181873703002929688e+01
2.915759086608886719e-01,7.901821136474609375e+00
2.881196737289428711e-01,1.113290596008300781e+01
2.788292467594146729e-01,1.771696853637695312e+01
2.785784304141998291e-01,2.353300476074218750e+01
2.677965462207794189e-01,3.409592819213867188e+01
2.569761872291564941e-01,1.662509536743164062e+01
2.537786662578582764e-01,2.393972396850585938e+01
2.482594698667526245e-01,1.309614467620849609e+01
2.491344958543777466e-01,3.108528900146484375e+01
2.514266371726989746e-01,3.946583938598632812e+01
2.394757270812988281e-01,1.017973613739013672e+01
2.359541952610015869e-01,2.385944366455078125e+01
2.462998628616333008e-01,1.728373336791992188e+01
2.383981943130493164e-01,2.196836662292480469e+01
2.333981096744537354e-01,2.216210937500000000e+01
2.258823364973068237e-01,1.818001174926757812e+01
2.145457118749618530e-01,2.941046142578125000e+01
2.214010953903198242e-01,2.248379898071289062e+01
2.194436937570571899e-01,2.097041893005371094e+01
2.229886353015899658e-01,2.502763175964355469e+01
2.192219197750091553e-01,8.050750732421875000e+00
2.105166465044021606e-01,1.139817905426025391e+01
2.077697515487670898e-01,6.384801864624023438e+00
2.050729095935821533e-01,4.690462112426757812e+00
2.084407955408096313e-01,2.934270858764648438e+00
2.020216435194015503e-01,7.550388813018798828e+00
2.047628760337829590e-01,4.406904220581054688e+00
2.044099122285842896e-01,5.640208721160888672e+00
1.976920515298843384e-01,1.197031974792480469e+00
1.944347321987152100e-01,5.482325553894042969e+00
1.908686012029647827e-01,3.508749246597290039e+00
1.966321319341659546e-01,6.925991058349609375e+00
1.896381080150604248e-01,7.194001197814941406e+00
1.898413598537445068e-01,1.552721977233886719e+01
1.921825855970382690e-01,1.511096191406250000e+01
1.879694461822509766e-01,9.412189483642578125e+00
1.846249550580978394e-01,1.236654949188232422e+01
1.887119263410568237e-01,1.761651039123535156e+01
1.888552606105804443e-01,8.029893875122070312e+00
1.819135993719100952e-01,1.673608207702636719e+01
1.751189231872558594e-01,8.192107200622558594e+00
1.768591850996017456e-01,1.596322822570800781e+01
1.747577041387557983e-01,3.062709808349609375e+01
1.755242198705673218e-01,1.696181869506835938e+01
1.747878342866897583e-01,1.871756172180175781e+01
1.738347411155700684e-01,1.439873123168945312e+01
1.708816885948181152e-01,1.016462802886962891e+01
1.720055490732192993e-01,7.559825897216796875e+00
1.703551858663558960e-01,1.013093471527099609e+01
1.757958233356475830e-01,1.246156406402587891e+01
1.705745011568069458e-01,8.004639625549316406e+00
1.663181185722351074e-01,1.876972198486328125e+01
1.640639901161193848e-01,5.604067325592041016e+00
1.634850502014160156e-01,4.212323760986328125e+01
1.638536900281906128e-01,5.368435859680175781e+00
1.613565385341644287e-01,2.349587249755859375e+01
1.642440110445022583e-01,3.514754104614257812e+01
1.635634154081344604e-01,2.620249938964843750e+01
1.626748442649841309e-01,2.128463554382324219e+01
1.566860079765319824e-01,1.013465309143066406e+01
1.501830667257308960e-01,4.820222377777099609e+00
1.561091244220733643e-01,1.797033786773681641e+00
1.480940282344818115e-01,2.263657808303833008e+00
1.440090537071228027e-01,1.171713113784790039e+00
1.447477042675018311e-01,1.368635892868041992e+00
1.404353827238082886e-01,1.562108874320983887e+00
1.411137729883193970e-01,2.394346475601196289e+00
1.384117454290390015e-01,1.739716529846191406e+00
1.315643042325973511e-01,2.040038347244262695e+00
1.333763748407363892e-01,1.908138513565063477e+00
1.357059776782989502e-01,8.118675231933593750e+00
1.295891851186752319e-01,2.821945190429687500e+00
1.244418770074844360e-01,1.956367373466491699e+00
1.211913377046585083e-01,4.054840087890625000e+00
1.196436434984207153e-01,3.433781862258911133e+00
1.171750500798225403e-01,1.575126528739929199e+00
1.145557761192321777e-01,1.752712488174438477e+00
1.142509654164314270e-01,1.496973156929016113e+00
1.140671819448471069e-01,2.305908918380737305e+00
1.131842061877250671e-01,2.484663963317871094e+00
1.128360405564308167e-01,2.344686985015869141e+00
1.146458983421325684e-01,1.778862476348876953e+00
1.099265292286872864e-01,1.496126174926757812e+00
1.104942634701728821e-01,2.833467006683349609e+00
1.048731729388237000e-01,3.586366653442382812e+00
1.097148358821868896e-01,3.150168895721435547e+00
1.043853759765625000e-01,2.616083621978759766e+00
1.060266345739364624e-01,4.086388111114501953e+00
1.068277249473574553e-01,6.365581426532888543e+01
1.050537726219469975e-01,2.862108536882362841e+02
1.052994930029941684e-01,4.889670513701981491e+01
1.056474549956637060e-01,5.521986547354416963e+00
1.056555986357795296e-01,3.800888652634077403e+02
1.037646966709760005e-01,1.426922753152681764e+02
1.031370719866072094e-01,9.501463162168757037e+01
1.029059006813472232e-01,3.522746689915114189e+02
1.040463294802158045e-01,3.255674407246208375e+02
1.052700436185886740e-01,3.028062800675843391e+02
1.059809070168184625e-01,3.116909626532888069e+02
1.064701871814539291e-01,3.786013263144860161e+02
1.047025996749550714e-01,2.868656244424598434e+00
1.055653425460436473e-01,2.288157966302075010e+02
1.035964719805137074e-01,3.038915940336462995e+02
1.027214792065199028e-01,1.195133998115725404e+02
1.023284802725842324e-01,3.318520244940243060e+02
1.026348219669785677e-01,2.649061757597955875e+02
1.013622554361866129e-01,3.822940117169986252e+02
1.008034944236259750e-01,3.340867412428304988e+02
1.001992982419161876e-01,2.567593554937568570e+02
1.014302600450251030e-01,7.445331364743358904e+01
1.000929004290659480e-01,2.443555100221599901e+02
9.953230648791468183e-02,1.438664347417149543e+02
1.004946529089165153e-01,6.164523655157668003e+01
9.981134187254740719e-02,2.122816851585033149e+01
9.831780564336702055e-02,3.640349375118252624e+02
9.696730208599516065e-02,1.288789605473523352e+02
9.777144819349517513e-02,2.246778190075590658e+02
9.609523281198907585e-02,8.938705940887743395e+01
9.509123836317120992e-02,3.559363005375072930e+01
9.401948963173641094e-02,3.164290010225275296e+02
9.503270281696334087e-02,1.931486548022620013e+02
9.575696314519038799e-02,3.148085117610689849e+02
9.553956688055929847e-02,1.224311818885522456e+02
9.623059434215190666e-02,1.462620511675886803e+02
9.708742372781981045e-02,1.891497629895567059e+02
9.609608261037312638e-02,5.380351256295255524e+01
9.625034057745653071e-02,3.704111853885967207e+02
9.552093665814749557e-02,2.795128213471049889e+02
